// Auto-generated preset data from original DEMO .pan files
#pragma once

struct GeoPreset { const char* name; const char* data; };

static const GeoPreset kGeoPresets[] = {
    { "Wave", R"PANEOF(Wave 50 50 10.000000 10.000000
1.984374	0.432591	-1.474019	-2.788651	-2.866107	-1.649953	0.347969	2.320841	3.527734	3.569391	2.481393	0.647902	-1.388017	-3.121467	-4.219355	-4.564917	-4.227213	-3.390112	-2.275891	-1.086900	0.025976	0.970540	1.704337	2.218302	2.519764	2.618813	2.519764	2.218302	1.704337	0.970540	0.025976	-1.086900	-2.275891	-3.390112	-4.227213	-4.564917	-4.219355	-3.121467	-1.388017	0.647902	2.481393	3.569391	3.527734	2.320841	0.347969	-1.649953	-2.866107	-2.788651	-1.474019	0.432591	
0.432591	-1.549906	-2.852408	-2.764552	-1.287157	0.907619	2.841130	3.694341	3.139853	1.413259	-0.856488	-2.935770	-4.251523	-4.538102	-3.844784	-2.442221	-0.690601	1.075870	2.618813	3.816385	4.648023	5.161536	5.437892	5.562648	5.606853	5.616346	5.606853	5.562648	5.437892	5.161536	4.648023	3.816385	2.618813	1.075870	-0.690601	-2.442221	-3.844784	-4.538102	-4.251523	-2.935770	-0.856488	1.413259	3.139853	3.694341	2.841130	0.907619	-1.287157	-2.764552	-2.852408	-1.549906	
-1.474019	-2.852408	-2.724532	-1.094009	1.239482	3.131696	3.680598	2.631539	0.428759	-2.052260	-3.911412	-4.564917	-3.894163	-2.190883	0.025976	2.218302	3.982021	5.112897	5.594726	5.542230	5.132773	4.550350	3.951391	3.451210	3.124371	3.011226	3.124371	3.451210	3.951391	4.550350	5.132773	5.542230	5.594726	5.112897	3.982021	2.218302	0.025976	-2.190883	-3.894163	-4.564917	-3.911412	-2.052260	0.428759	2.631539	3.680598	3.131696	1.239482	-1.094009	-2.724532	-2.852408	
-2.788651	-2.764552	-1.094009	1.348671	3.257385	3.616961	2.212181	-0.322069	-2.872140	-4.389957	-4.323187	-2.759365	-0.284082	2.319461	4.369072	5.467836	5.542230	4.768614	3.451210	1.908067	0.396595	-0.915500	-1.944580	-2.666924	-3.090118	-3.228961	-3.090118	-2.666924	-1.944580	-0.915500	0.396595	1.908067	3.451210	4.768614	5.542230	5.467836	4.369072	2.319461	-0.284082	-2.759365	-4.323187	-4.389957	-2.872140	-0.322069	2.212181	3.616961	3.257385	1.348671	-1.094009	-2.764552	
-2.866107	-1.287157	1.239482	3.257385	3.586416	1.980735	-0.780106	-3.355982	-4.548336	-3.844784	-1.564207	1.391136	3.982021	5.437892	5.464027	4.223082	2.165421	-0.181848	-2.380108	-4.160841	-5.429942	-6.224386	-6.653232	-6.845064	-6.911240	-6.924881	-6.911240	-6.845064	-6.653232	-6.224386	-5.429942	-4.160841	-2.380108	-0.181848	2.165421	4.223082	5.464027	5.437892	3.982021	1.391136	-1.564207	-3.844784	-4.548336	-3.355982	-0.780106	1.980735	3.586416	3.257385	1.239482	-1.287157	
-1.649953	0.907619	3.131696	3.616961	1.980735	-0.932810	-3.574052	-4.563056	-3.390112	-0.589832	2.618813	4.953984	5.607555	4.472367	2.037541	-0.915500	-3.637609	-5.627824	-6.699527	-6.928338	-6.544481	-5.826114	-5.025270	-4.332816	-3.873002	-3.712802	-3.873002	-4.332816	-5.025270	-5.826114	-6.544481	-6.928338	-6.699527	-5.627824	-3.637609	-0.915500	2.037541	4.472367	5.607555	4.953984	2.618813	-0.589832	-3.390112	-4.563056	-3.574052	-0.932810	1.980735	3.616961	3.131696	0.907619	
0.347969	2.841130	3.680598	2.212181	-0.780106	-3.574052	-4.554093	-3.124617	0.025976	3.378412	5.405504	5.277856	3.124371	-0.181848	-3.502794	-5.902523	-6.911240	-6.544481	-5.152057	-3.212623	-1.166067	0.675536	2.142826	3.177356	3.782929	3.981266	3.782929	3.177356	2.142826	0.675536	-1.166067	-3.212623	-5.152057	-6.544481	-6.911240	-5.902523	-3.502794	-0.181848	3.124371	5.277856	5.405504	3.378412	0.025976	-3.124617	-4.554093	-3.574052	-0.780106	2.212181	3.680598	2.841130	
2.320841	3.694341	2.631539	-0.322069	-3.355982	-4.563056	-3.124617	0.234518	3.731428	5.562648	4.836068	1.908067	-1.944580	-5.220980	-6.845064	-6.482517	-4.478891	-1.559046	1.514150	4.177566	6.154511	7.420471	8.109508	8.415575	8.518158	8.538286	8.518158	8.415575	8.109508	7.420471	6.154511	4.177566	1.514150	-1.559046	-4.478891	-6.482517	-6.845064	-5.220980	-1.944580	1.908067	4.836068	5.562648	3.731428	0.234518	-3.124617	-4.563056	-3.355982	-0.322069	2.631539	3.694341	
3.527734	3.139853	0.428759	-2.872140	-4.548336	-3.390112	0.025976	3.731428	5.594726	4.550350	1.101177	-3.090118	-6.148892	-6.877586	-5.152057	-1.752529	2.142826	5.480514	7.646302	8.518158	8.335313	7.504918	6.440214	5.469479	4.809755	4.577836	4.809755	5.469479	6.440214	7.504918	8.335313	8.518158	7.646302	5.480514	2.142826	-1.752529	-5.152057	-6.877586	-6.148892	-3.090118	1.101177	4.550350	5.594726	3.731428	0.025976	-3.390112	-4.548336	-2.872140	0.428759	3.139853	
3.569391	1.413259	-2.052260	-4.389957	-3.844784	-0.589832	3.378412	5.562648	4.550350	0.822311	-3.637609	-6.549120	-6.544481	-3.712802	0.675536	4.939026	7.750791	8.546437	7.504918	5.255733	2.531874	-0.075272	-2.210239	-3.729114	-4.618230	-4.908849	-4.618230	-3.729114	-2.210239	-0.075272	2.531874	5.255733	7.504918	8.546437	7.750791	4.939026	0.675536	-3.712802	-6.544481	-6.549120	-3.637609	0.822311	4.550350	5.562648	3.378412	-0.589832	-3.844784	-4.389957	-2.052260	1.413259	
2.481393	-0.856488	-3.911412	-4.323187	-1.564207	2.618813	5.405504	4.836068	1.101177	-3.637609	-6.653232	-6.269660	-2.685060	2.351489	6.618330	8.518158	7.627558	4.577836	0.523454	-3.428137	-6.567761	-8.658288	-9.816602	-10.329864	-10.496767	-10.527595	-10.496767	-10.329864	-9.816602	-8.658288	-6.567761	-3.428137	0.523454	4.577836	7.627558	8.518158	6.618330	2.351489	-2.685060	-6.269660	-6.653232	-3.637609	1.101177	4.836068	5.405504	2.618813	-1.564207	-4.323187	-3.911412	-0.856488	
0.647902	-2.935770	-4.564917	-2.759365	1.391136	4.953984	5.277856	1.908067	-3.090118	-6.549120	-6.269660	-2.319488	3.177356	7.420471	8.474853	6.072027	1.403457	-3.729114	-7.800722	-10.055757	-10.522146	-9.724806	-8.341577	-6.962363	-5.990624	-5.644411	-5.990624	-6.962363	-8.341577	-9.724806	-10.522146	-10.055757	-7.800722	-3.729114	1.403457	6.072027	8.474853	7.420471	3.177356	-2.319488	-6.269660	-6.549120	-3.090118	1.908067	5.277856	4.953984	1.391136	-2.759365	-4.564917	-2.935770	
-1.388017	-4.251523	-3.894163	-0.284082	3.982021	5.607555	3.124371	-1.944580	-6.148892	-6.544481	-2.685060	3.177356	7.646302	8.273567	4.809755	-0.985758	-6.567761	-9.941651	-10.378959	-8.341577	-4.920624	-1.231070	1.950857	4.257483	5.611089	6.052546	5.611089	4.257483	1.950857	-1.231070	-4.920624	-8.341577	-10.378959	-9.941651	-6.567761	-0.985758	4.809755	8.273567	7.646302	3.177356	-2.685060	-6.544481	-6.148892	-1.944580	3.124371	5.607555	3.982021	-0.284082	-3.894163	-4.251523	
-3.121467	-4.538102	-2.190883	2.319461	5.437892	4.472367	-0.181848	-5.220980	-6.877586	-3.712802	2.351489	7.420471	8.273567	4.340184	-2.210239	-8.026857	-10.527595	-9.014983	-4.543824	1.027974	6.052546	9.647986	11.715667	12.638968	12.930470	12.980385	12.930470	12.638968	11.715667	9.647986	6.052546	1.027974	-4.543824	-9.014983	-10.527595	-8.026857	-2.210239	4.340184	8.273567	7.420471	2.351489	-3.712802	-6.877586	-5.220980	-0.181848	4.472367	5.437892	2.319461	-2.190883	-4.538102	
-4.219355	-3.844784	0.025976	4.369072	5.464027	2.037541	-3.502794	-6.845064	-5.152057	0.675536	6.618330	8.474853	4.809755	-2.210239	-8.455970	-10.522146	-7.551386	-1.231070	5.611089	10.631475	12.856575	12.622226	10.963828	8.984855	7.500226	6.959484	7.500226	8.984855	10.963828	12.622226	12.856575	10.631475	5.611089	-1.231070	-7.551386	-10.522146	-8.455970	-2.210239	4.809755	8.474853	6.618330	0.675536	-5.152057	-6.845064	-3.502794	2.037541	5.464027	4.369072	0.025976	-3.844784	
-4.564917	-2.442221	2.218302	5.467836	4.223082	-0.915500	-5.902523	-6.482517	-1.752529	4.939026	8.518158	6.072027	-0.985758	-8.026857	-10.522146	-6.962363	0.569332	8.150354	12.496399	12.466075	8.984855	3.950722	-0.904169	-4.577620	-6.754171	-7.462709	-6.754171	-4.577620	-0.904169	3.950722	8.984855	12.466075	12.496399	8.150354	0.569332	-6.962363	-10.522146	-8.026857	-0.985758	6.072027	8.518158	4.939026	-1.752529	-6.482517	-5.902523	-0.915500	4.223082	5.467836	2.218302	-2.442221	
-4.227213	-0.690601	3.982021	5.542230	2.165421	-3.637609	-6.911240	-4.478891	2.142826	7.750791	7.627558	1.403457	-6.567761	-10.527595	-7.551386	0.569332	8.923076	12.930470	10.963828	4.589770	-3.105191	-9.506520	-13.502639	-15.346496	-15.916071	-16.004642	-15.916071	-15.346496	-13.502639	-9.506520	-3.105191	4.589770	10.963828	12.930470	8.923076	0.569332	-7.551386	-10.527595	-6.567761	1.403457	7.627558	7.750791	2.142826	-4.478891	-6.911240	-3.637609	2.165421	5.542230	3.982021	-0.690601	
-3.390112	1.075870	5.112897	4.768614	-0.181848	-5.627824	-6.544481	-1.559046	5.480514	8.546437	4.577836	-3.729114	-9.941651	-9.014983	-1.231070	8.150354	12.930470	10.249490	1.940592	-7.462709	-13.950966	-16.039679	-14.674122	-11.881069	-9.489687	-8.580952	-9.489687	-11.881069	-14.674122	-16.039679	-13.950966	-7.462709	1.940592	10.249490	12.930470	8.150354	-1.231070	-9.014983	-9.941651	-3.729114	4.577836	8.546437	5.480514	-1.559046	-6.544481	-5.627824	-0.181848	4.768614	5.112897	1.075870	
-2.275891	2.618813	5.594726	3.451210	-2.380108	-6.699527	-5.152057	1.514150	7.646302	7.504918	0.523454	-7.800722	-10.378959	-4.543824	5.611089	12.496399	10.963828	1.940592	-8.841144	-15.346496	-15.048830	-9.489687	-2.131998	4.118904	7.951409	9.201422	7.951409	4.118904	-2.131998	-9.489687	-15.048830	-15.346496	-8.841144	1.940592	10.963828	12.496399	5.611089	-4.543824	-10.378959	-7.800722	0.523454	7.504918	7.646302	1.514150	-5.152057	-6.699527	-2.380108	3.451210	5.594726	2.618813	
-1.086900	3.816385	5.542230	1.908067	-4.160841	-6.928338	-3.212623	4.177566	8.518158	5.255733	-3.428137	-10.055757	-8.341577	1.027974	10.631475	12.466075	4.589770	-7.462709	-15.346496	-14.237990	-5.551254	5.402709	13.848949	18.187883	19.546183	19.733513	19.546183	18.187883	13.848949	5.402709	-5.551254	-14.237990	-15.346496	-7.462709	4.589770	12.466075	10.631475	1.027974	-8.341577	-10.055757	-3.428137	5.255733	8.518158	4.177566	-3.212623	-6.928338	-4.160841	1.908067	5.542230	3.816385	
0.025976	4.648023	5.132773	0.396595	-5.429942	-6.544481	-1.166067	6.154511	8.335313	2.531874	-6.567761	-10.522146	-4.920624	6.052546	12.856575	8.984855	-3.105191	-13.950966	-15.048830	-5.551254	7.951409	17.501556	19.655720	16.474829	12.334624	10.580200	12.334624	16.474829	19.655720	17.501556	7.951409	-5.551254	-15.048830	-13.950966	-3.105191	8.984855	12.856575	6.052546	-4.920624	-10.522146	-6.567761	2.531874	8.335313	6.154511	-1.166067	-6.544481	-5.429942	0.396595	5.132773	4.648023	
0.970540	5.161536	4.550350	-0.915500	-6.224386	-5.826114	0.675536	7.420471	7.504918	-0.075272	-8.658288	-9.724806	-1.231070	9.647986	12.622226	3.950722	-9.506520	-16.039679	-9.489687	5.402709	17.501556	18.920994	10.580200	-0.640530	-8.650170	-11.345232	-8.650170	-0.640530	10.580200	18.920994	17.501556	5.402709	-9.489687	-16.039679	-9.506520	3.950722	12.622226	9.647986	-1.231070	-9.724806	-8.658288	-0.075272	7.504918	7.420471	0.675536	-5.826114	-6.224386	-0.915500	4.550350	5.161536	
1.704337	5.437892	3.951391	-1.944580	-6.653232	-5.025270	2.142826	8.109508	6.440214	-2.210239	-9.816602	-8.341577	1.950857	11.715667	10.963828	-0.904169	-13.502639	-14.674122	-2.131998	13.848949	19.655720	10.580200	-5.939980	-18.789488	-23.710535	-24.331161	-23.710535	-18.789488	-5.939980	10.580200	19.655720	13.848949	-2.131998	-14.674122	-13.502639	-0.904169	10.963828	11.715667	1.950857	-8.341577	-9.816602	-2.210239	6.440214	8.109508	2.142826	-5.025270	-6.653232	-1.944580	3.951391	5.437892	
2.218302	5.562648	3.451210	-2.666924	-6.845064	-4.332816	3.177356	8.415575	5.469479	-3.729114	-10.329864	-6.962363	4.257483	12.638968	8.984855	-4.577620	-15.346496	-11.881069	4.118904	18.187883	16.474829	-0.640530	-18.789488	-24.227964	-17.880527	-13.045247	-17.880527	-24.227964	-18.789488	-0.640530	16.474829	18.187883	4.118904	-11.881069	-15.346496	-4.577620	8.984855	12.638968	4.257483	-6.962363	-10.329864	-3.729114	5.469479	8.415575	3.177356	-4.332816	-6.845064	-2.666924	3.451210	5.562648	
2.519764	5.606853	3.124371	-3.090118	-6.911240	-3.873002	3.782929	8.518158	4.809755	-4.618230	-10.496767	-5.990624	5.611089	12.930470	7.500226	-6.754171	-15.916071	-9.489687	7.951409	19.546183	12.334624	-8.650170	-23.710535	-17.880527	2.438406	13.988521	2.438406	-17.880527	-23.710535	-8.650170	12.334624	19.546183	7.951409	-9.489687	-15.916071	-6.754171	7.500226	12.930470	5.611089	-5.990624	-10.496767	-4.618230	4.809755	8.518158	3.782929	-3.873002	-6.911240	-3.090118	3.124371	5.606853	
2.618813	5.616346	3.011226	-3.228961	-6.924881	-3.712802	3.981266	8.538286	4.577836	-4.908849	-10.527595	-5.644411	6.052546	12.980385	6.959484	-7.462709	-16.004642	-8.580952	9.201422	19.733513	10.580200	-11.345232	-24.331161	-13.045247	13.988521	30.000000	13.988521	-13.045247	-24.331161	-11.345232	10.580200	19.733513	9.201422	-8.580952	-16.004642	-7.462709	6.959484	12.980385	6.052546	-5.644411	-10.527595	-4.908849	4.577836	8.538286	3.981266	-3.712802	-6.924881	-3.228961	3.011226	5.616346	
2.519764	5.606853	3.124371	-3.090118	-6.911240	-3.873002	3.782929	8.518158	4.809755	-4.618230	-10.496767	-5.990624	5.611089	12.930470	7.500226	-6.754171	-15.916071	-9.489687	7.951409	19.546183	12.334624	-8.650170	-23.710535	-17.880527	2.438406	13.988521	2.438406	-17.880527	-23.710535	-8.650170	12.334624	19.546183	7.951409	-9.489687	-15.916071	-6.754171	7.500226	12.930470	5.611089	-5.990624	-10.496767	-4.618230	4.809755	8.518158	3.782929	-3.873002	-6.911240	-3.090118	3.124371	5.606853	
2.218302	5.562648	3.451210	-2.666924	-6.845064	-4.332816	3.177356	8.415575	5.469479	-3.729114	-10.329864	-6.962363	4.257483	12.638968	8.984855	-4.577620	-15.346496	-11.881069	4.118904	18.187883	16.474829	-0.640530	-18.789488	-24.227964	-17.880527	-13.045247	-17.880527	-24.227964	-18.789488	-0.640530	16.474829	18.187883	4.118904	-11.881069	-15.346496	-4.577620	8.984855	12.638968	4.257483	-6.962363	-10.329864	-3.729114	5.469479	8.415575	3.177356	-4.332816	-6.845064	-2.666924	3.451210	5.562648	
1.704337	5.437892	3.951391	-1.944580	-6.653232	-5.025270	2.142826	8.109508	6.440214	-2.210239	-9.816602	-8.341577	1.950857	11.715667	10.963828	-0.904169	-13.502639	-14.674122	-2.131998	13.848949	19.655720	10.580200	-5.939980	-18.789488	-23.710535	-24.331161	-23.710535	-18.789488	-5.939980	10.580200	19.655720	13.848949	-2.131998	-14.674122	-13.502639	-0.904169	10.963828	11.715667	1.950857	-8.341577	-9.816602	-2.210239	6.440214	8.109508	2.142826	-5.025270	-6.653232	-1.944580	3.951391	5.437892	
0.970540	5.161536	4.550350	-0.915500	-6.224386	-5.826114	0.675536	7.420471	7.504918	-0.075272	-8.658288	-9.724806	-1.231070	9.647986	12.622226	3.950722	-9.506520	-16.039679	-9.489687	5.402709	17.501556	18.920994	10.580200	-0.640530	-8.650170	-11.345232	-8.650170	-0.640530	10.580200	18.920994	17.501556	5.402709	-9.489687	-16.039679	-9.506520	3.950722	12.622226	9.647986	-1.231070	-9.724806	-8.658288	-0.075272	7.504918	7.420471	0.675536	-5.826114	-6.224386	-0.915500	4.550350	5.161536	
0.025976	4.648023	5.132773	0.396595	-5.429942	-6.544481	-1.166067	6.154511	8.335313	2.531874	-6.567761	-10.522146	-4.920624	6.052546	12.856575	8.984855	-3.105191	-13.950966	-15.048830	-5.551254	7.951409	17.501556	19.655720	16.474829	12.334624	10.580200	12.334624	16.474829	19.655720	17.501556	7.951409	-5.551254	-15.048830	-13.950966	-3.105191	8.984855	12.856575	6.052546	-4.920624	-10.522146	-6.567761	2.531874	8.335313	6.154511	-1.166067	-6.544481	-5.429942	0.396595	5.132773	4.648023	
-1.086900	3.816385	5.542230	1.908067	-4.160841	-6.928338	-3.212623	4.177566	8.518158	5.255733	-3.428137	-10.055757	-8.341577	1.027974	10.631475	12.466075	4.589770	-7.462709	-15.346496	-14.237990	-5.551254	5.402709	13.848949	18.187883	19.546183	19.733513	19.546183	18.187883	13.848949	5.402709	-5.551254	-14.237990	-15.346496	-7.462709	4.589770	12.466075	10.631475	1.027974	-8.341577	-10.055757	-3.428137	5.255733	8.518158	4.177566	-3.212623	-6.928338	-4.160841	1.908067	5.542230	3.816385	
-2.275891	2.618813	5.594726	3.451210	-2.380108	-6.699527	-5.152057	1.514150	7.646302	7.504918	0.523454	-7.800722	-10.378959	-4.543824	5.611089	12.496399	10.963828	1.940592	-8.841144	-15.346496	-15.048830	-9.489687	-2.131998	4.118904	7.951409	9.201422	7.951409	4.118904	-2.131998	-9.489687	-15.048830	-15.346496	-8.841144	1.940592	10.963828	12.496399	5.611089	-4.543824	-10.378959	-7.800722	0.523454	7.504918	7.646302	1.514150	-5.152057	-6.699527	-2.380108	3.451210	5.594726	2.618813	
-3.390112	1.075870	5.112897	4.768614	-0.181848	-5.627824	-6.544481	-1.559046	5.480514	8.546437	4.577836	-3.729114	-9.941651	-9.014983	-1.231070	8.150354	12.930470	10.249490	1.940592	-7.462709	-13.950966	-16.039679	-14.674122	-11.881069	-9.489687	-8.580952	-9.489687	-11.881069	-14.674122	-16.039679	-13.950966	-7.462709	1.940592	10.249490	12.930470	8.150354	-1.231070	-9.014983	-9.941651	-3.729114	4.577836	8.546437	5.480514	-1.559046	-6.544481	-5.627824	-0.181848	4.768614	5.112897	1.075870	
-4.227213	-0.690601	3.982021	5.542230	2.165421	-3.637609	-6.911240	-4.478891	2.142826	7.750791	7.627558	1.403457	-6.567761	-10.527595	-7.551386	0.569332	8.923076	12.930470	10.963828	4.589770	-3.105191	-9.506520	-13.502639	-15.346496	-15.916071	-16.004642	-15.916071	-15.346496	-13.502639	-9.506520	-3.105191	4.589770	10.963828	12.930470	8.923076	0.569332	-7.551386	-10.527595	-6.567761	1.403457	7.627558	7.750791	2.142826	-4.478891	-6.911240	-3.637609	2.165421	5.542230	3.982021	-0.690601	
-4.564917	-2.442221	2.218302	5.467836	4.223082	-0.915500	-5.902523	-6.482517	-1.752529	4.939026	8.518158	6.072027	-0.985758	-8.026857	-10.522146	-6.962363	0.569332	8.150354	12.496399	12.466075	8.984855	3.950722	-0.904169	-4.577620	-6.754171	-7.462709	-6.754171	-4.577620	-0.904169	3.950722	8.984855	12.466075	12.496399	8.150354	0.569332	-6.962363	-10.522146	-8.026857	-0.985758	6.072027	8.518158	4.939026	-1.752529	-6.482517	-5.902523	-0.915500	4.223082	5.467836	2.218302	-2.442221	
-4.219355	-3.844784	0.025976	4.369072	5.464027	2.037541	-3.502794	-6.845064	-5.152057	0.675536	6.618330	8.474853	4.809755	-2.210239	-8.455970	-10.522146	-7.551386	-1.231070	5.611089	10.631475	12.856575	12.622226	10.963828	8.984855	7.500226	6.959484	7.500226	8.984855	10.963828	12.622226	12.856575	10.631475	5.611089	-1.231070	-7.551386	-10.522146	-8.455970	-2.210239	4.809755	8.474853	6.618330	0.675536	-5.152057	-6.845064	-3.502794	2.037541	5.464027	4.369072	0.025976	-3.844784	
-3.121467	-4.538102	-2.190883	2.319461	5.437892	4.472367	-0.181848	-5.220980	-6.877586	-3.712802	2.351489	7.420471	8.273567	4.340184	-2.210239	-8.026857	-10.527595	-9.014983	-4.543824	1.027974	6.052546	9.647986	11.715667	12.638968	12.930470	12.980385	12.930470	12.638968	11.715667	9.647986	6.052546	1.027974	-4.543824	-9.014983	-10.527595	-8.026857	-2.210239	4.340184	8.273567	7.420471	2.351489	-3.712802	-6.877586	-5.220980	-0.181848	4.472367	5.437892	2.319461	-2.190883	-4.538102	
-1.388017	-4.251523	-3.894163	-0.284082	3.982021	5.607555	3.124371	-1.944580	-6.148892	-6.544481	-2.685060	3.177356	7.646302	8.273567	4.809755	-0.985758	-6.567761	-9.941651	-10.378959	-8.341577	-4.920624	-1.231070	1.950857	4.257483	5.611089	6.052546	5.611089	4.257483	1.950857	-1.231070	-4.920624	-8.341577	-10.378959	-9.941651	-6.567761	-0.985758	4.809755	8.273567	7.646302	3.177356	-2.685060	-6.544481	-6.148892	-1.944580	3.124371	5.607555	3.982021	-0.284082	-3.894163	-4.251523	
0.647902	-2.935770	-4.564917	-2.759365	1.391136	4.953984	5.277856	1.908067	-3.090118	-6.549120	-6.269660	-2.319488	3.177356	7.420471	8.474853	6.072027	1.403457	-3.729114	-7.800722	-10.055757	-10.522146	-9.724806	-8.341577	-6.962363	-5.990624	-5.644411	-5.990624	-6.962363	-8.341577	-9.724806	-10.522146	-10.055757	-7.800722	-3.729114	1.403457	6.072027	8.474853	7.420471	3.177356	-2.319488	-6.269660	-6.549120	-3.090118	1.908067	5.277856	4.953984	1.391136	-2.759365	-4.564917	-2.935770	
2.481393	-0.856488	-3.911412	-4.323187	-1.564207	2.618813	5.405504	4.836068	1.101177	-3.637609	-6.653232	-6.269660	-2.685060	2.351489	6.618330	8.518158	7.627558	4.577836	0.523454	-3.428137	-6.567761	-8.658288	-9.816602	-10.329864	-10.496767	-10.527595	-10.496767	-10.329864	-9.816602	-8.658288	-6.567761	-3.428137	0.523454	4.577836	7.627558	8.518158	6.618330	2.351489	-2.685060	-6.269660	-6.653232	-3.637609	1.101177	4.836068	5.405504	2.618813	-1.564207	-4.323187	-3.911412	-0.856488	
3.569391	1.413259	-2.052260	-4.389957	-3.844784	-0.589832	3.378412	5.562648	4.550350	0.822311	-3.637609	-6.549120	-6.544481	-3.712802	0.675536	4.939026	7.750791	8.546437	7.504918	5.255733	2.531874	-0.075272	-2.210239	-3.729114	-4.618230	-4.908849	-4.618230	-3.729114	-2.210239	-0.075272	2.531874	5.255733	7.504918	8.546437	7.750791	4.939026	0.675536	-3.712802	-6.544481	-6.549120	-3.637609	0.822311	4.550350	5.562648	3.378412	-0.589832	-3.844784	-4.389957	-2.052260	1.413259	
3.527734	3.139853	0.428759	-2.872140	-4.548336	-3.390112	0.025976	3.731428	5.594726	4.550350	1.101177	-3.090118	-6.148892	-6.877586	-5.152057	-1.752529	2.142826	5.480514	7.646302	8.518158	8.335313	7.504918	6.440214	5.469479	4.809755	4.577836	4.809755	5.469479	6.440214	7.504918	8.335313	8.518158	7.646302	5.480514	2.142826	-1.752529	-5.152057	-6.877586	-6.148892	-3.090118	1.101177	4.550350	5.594726	3.731428	0.025976	-3.390112	-4.548336	-2.872140	0.428759	3.139853	
2.320841	3.694341	2.631539	-0.322069	-3.355982	-4.563056	-3.124617	0.234518	3.731428	5.562648	4.836068	1.908067	-1.944580	-5.220980	-6.845064	-6.482517	-4.478891	-1.559046	1.514150	4.177566	6.154511	7.420471	8.109508	8.415575	8.518158	8.538286	8.518158	8.415575	8.109508	7.420471	6.154511	4.177566	1.514150	-1.559046	-4.478891	-6.482517	-6.845064	-5.220980	-1.944580	1.908067	4.836068	5.562648	3.731428	0.234518	-3.124617	-4.563056	-3.355982	-0.322069	2.631539	3.694341	
0.347969	2.841130	3.680598	2.212181	-0.780106	-3.574052	-4.554093	-3.124617	0.025976	3.378412	5.405504	5.277856	3.124371	-0.181848	-3.502794	-5.902523	-6.911240	-6.544481	-5.152057	-3.212623	-1.166067	0.675536	2.142826	3.177356	3.782929	3.981266	3.782929	3.177356	2.142826	0.675536	-1.166067	-3.212623	-5.152057	-6.544481	-6.911240	-5.902523	-3.502794	-0.181848	3.124371	5.277856	5.405504	3.378412	0.025976	-3.124617	-4.554093	-3.574052	-0.780106	2.212181	3.680598	2.841130	
-1.649953	0.907619	3.131696	3.616961	1.980735	-0.932810	-3.574052	-4.563056	-3.390112	-0.589832	2.618813	4.953984	5.607555	4.472367	2.037541	-0.915500	-3.637609	-5.627824	-6.699527	-6.928338	-6.544481	-5.826114	-5.025270	-4.332816	-3.873002	-3.712802	-3.873002	-4.332816	-5.025270	-5.826114	-6.544481	-6.928338	-6.699527	-5.627824	-3.637609	-0.915500	2.037541	4.472367	5.607555	4.953984	2.618813	-0.589832	-3.390112	-4.563056	-3.574052	-0.932810	1.980735	3.616961	3.131696	0.907619	
-2.866107	-1.287157	1.239482	3.257385	3.586416	1.980735	-0.780106	-3.355982	-4.548336	-3.844784	-1.564207	1.391136	3.982021	5.437892	5.464027	4.223082	2.165421	-0.181848	-2.380108	-4.160841	-5.429942	-6.224386	-6.653232	-6.845064	-6.911240	-6.924881	-6.911240	-6.845064	-6.653232	-6.224386	-5.429942	-4.160841	-2.380108	-0.181848	2.165421	4.223082	5.464027	5.437892	3.982021	1.391136	-1.564207	-3.844784	-4.548336	-3.355982	-0.780106	1.980735	3.586416	3.257385	1.239482	-1.287157	
-2.788651	-2.764552	-1.094009	1.348671	3.257385	3.616961	2.212181	-0.322069	-2.872140	-4.389957	-4.323187	-2.759365	-0.284082	2.319461	4.369072	5.467836	5.542230	4.768614	3.451210	1.908067	0.396595	-0.915500	-1.944580	-2.666924	-3.090118	-3.228961	-3.090118	-2.666924	-1.944580	-0.915500	0.396595	1.908067	3.451210	4.768614	5.542230	5.467836	4.369072	2.319461	-0.284082	-2.759365	-4.323187	-4.389957	-2.872140	-0.322069	2.212181	3.616961	3.257385	1.348671	-1.094009	-2.764552	
-1.474019	-2.852408	-2.724532	-1.094009	1.239482	3.131696	3.680598	2.631539	0.428759	-2.052260	-3.911412	-4.564917	-3.894163	-2.190883	0.025976	2.218302	3.982021	5.112897	5.594726	5.542230	5.132773	4.550350	3.951391	3.451210	3.124371	3.011226	3.124371	3.451210	3.951391	4.550350	5.132773	5.542230	5.594726	5.112897	3.982021	2.218302	0.025976	-2.190883	-3.894163	-4.564917	-3.911412	-2.052260	0.428759	2.631539	3.680598	3.131696	1.239482	-1.094009	-2.724532	-2.852408	
0.432591	-1.549906	-2.852408	-2.764552	-1.287157	0.907619	2.841130	3.694341	3.139853	1.413259	-0.856488	-2.935770	-4.251523	-4.538102	-3.844784	-2.442221	-0.690601	1.075870	2.618813	3.816385	4.648023	5.161536	5.437892	5.562648	5.606853	5.616346	5.606853	5.562648	5.437892	5.161536	4.648023	3.816385	2.618813	1.075870	-0.690601	-2.442221	-3.844784	-4.538102	-4.251523	-2.935770	-0.856488	1.413259	3.139853	3.694341	2.841130	0.907619	-1.287157	-2.764552	-2.852408	-1.549906	
)PANEOF"
    },
    { "Function", R"PANEOF(Function 50 50 10.000000 10.000000
-19.283628	-28.190779	-36.241367	-43.190777	-48.827862	-52.981335	-55.524994	-56.381557	-55.524994	-52.981335	-48.827862	-43.190777	-36.241367	-28.190779	-19.283628	-9.790555	0.000000	9.790555	19.283628	28.190779	36.241367	43.190777	48.827862	52.981335	55.524994	56.381557	55.524994	52.981335	48.827862	43.190777	36.241367	28.190779	19.283628	9.790555	0.000000	-9.790555	-19.283628	-28.190779	-36.241367	-43.190777	-48.827862	-52.981335	-55.524994	-56.381557	-55.524994	-52.981335	-48.827862	-43.190777	-36.241367	-28.190779	
-17.771889	-25.980762	-33.400223	-39.804836	-45.000000	-48.827862	-51.172112	-51.961525	-51.172112	-48.827862	-45.000000	-39.804836	-33.400223	-25.980762	-17.771889	-9.023024	0.000000	9.023024	17.771889	25.980762	33.400223	39.804836	45.000000	48.827862	51.172112	51.961525	51.172112	48.827862	45.000000	39.804836	33.400223	25.980762	17.771889	9.023024	0.000000	-9.023024	-17.771889	-25.980762	-33.400223	-39.804836	-45.000000	-48.827862	-51.172112	-51.961525	-51.172112	-48.827862	-45.000000	-39.804836	-33.400223	-25.980762	
-15.720158	-22.981333	-29.544233	-35.209446	-39.804836	-43.190777	-45.264389	-45.962666	-45.264389	-43.190777	-39.804836	-35.209446	-29.544233	-22.981333	-15.720158	-7.981333	0.000000	7.981333	15.720158	22.981333	29.544233	35.209446	39.804836	43.190777	45.264389	45.962666	45.264389	43.190777	39.804836	35.209446	29.544233	22.981333	15.720158	7.981333	0.000000	-7.981333	-15.720158	-22.981333	-29.544233	-35.209446	-39.804836	-43.190777	-45.264389	-45.962666	-45.264389	-43.190777	-39.804836	-35.209446	-29.544233	-22.981333	
-13.190779	-19.283628	-24.790554	-29.544233	-33.400223	-36.241367	-37.981335	-38.567257	-37.981335	-36.241367	-33.400223	-29.544231	-24.790554	-19.283628	-13.190779	-6.697134	0.000000	6.697134	13.190779	19.283628	24.790554	29.544233	33.400223	36.241367	37.981335	38.567257	37.981335	36.241367	33.400223	29.544233	24.790554	19.283628	13.190779	6.697134	0.000000	-6.697134	-13.190779	-19.283628	-24.790554	-29.544231	-33.400223	-36.241367	-37.981335	-38.567257	-37.981335	-36.241367	-33.400223	-29.544233	-24.790554	-19.283628	
-10.260604	-15.000000	-19.283628	-22.981333	-25.980762	-28.190779	-29.544233	-30.000000	-29.544231	-28.190779	-25.980762	-22.981333	-19.283628	-15.000000	-10.260604	-5.209445	0.000000	5.209445	10.260604	15.000000	19.283628	22.981333	25.980762	28.190779	29.544233	30.000000	29.544233	28.190779	25.980762	22.981333	19.283628	15.000000	10.260604	5.209445	0.000000	-5.209445	-10.260604	-15.000000	-19.283628	-22.981333	-25.980762	-28.190779	-29.544231	-30.000000	-29.544233	-28.190779	-25.980762	-22.981333	-19.283628	-15.000000	
-7.018667	-10.260604	-13.190779	-15.720158	-17.771889	-19.283628	-20.209446	-20.521208	-20.209446	-19.283628	-17.771887	-15.720158	-13.190779	-10.260604	-7.018667	-3.563470	0.000000	3.563470	7.018667	10.260604	13.190779	15.720158	17.771887	19.283628	20.209446	20.521208	20.209446	19.283628	17.771887	15.720158	13.190779	10.260604	7.018667	3.563470	0.000000	-3.563470	-7.018667	-10.260604	-13.190779	-15.720158	-17.771887	-19.283628	-20.209446	-20.521208	-20.209446	-19.283628	-17.771889	-15.720158	-13.190779	-10.260604	
-3.563470	-5.209445	-6.697134	-7.981333	-9.023024	-9.790554	-10.260604	-10.418890	-10.260604	-9.790554	-9.023024	-7.981333	-6.697134	-5.209445	-3.563470	-1.809221	0.000000	1.809221	3.563470	5.209445	6.697134	7.981333	9.023024	9.790554	10.260604	10.418890	10.260604	9.790554	9.023024	7.981333	6.697134	5.209445	3.563470	1.809221	0.000000	-1.809221	-3.563470	-5.209445	-6.697134	-7.981333	-9.023024	-9.790554	-10.260604	-10.418890	-10.260604	-9.790554	-9.023024	-7.981333	-6.697134	-5.209445	
0.000000	0.000000	0.000000	0.000000	0.000000	0.000000	0.000000	0.000000	0.000000	0.000000	0.000000	0.000000	0.000000	0.000000	0.000000	0.000000	0.000000	0.000000	0.000000	0.000000	0.000000	0.000000	0.000000	0.000000	0.000000	0.000000	0.000000	0.000000	0.000000	0.000000	0.000000	0.000000	0.000000	0.000000	0.000000	0.000000	0.000000	0.000000	0.000000	0.000000	0.000000	0.000000	0.000000	0.000000	0.000000	0.000000	0.000000	0.000000	0.000000	0.000000	
3.563471	5.209445	6.697134	7.981333	9.023025	9.790555	10.260605	10.418891	10.260605	9.790555	9.023025	7.981333	6.697134	5.209445	3.563471	1.809221	0.000000	-1.809221	-3.563471	-5.209445	-6.697134	-7.981333	-9.023025	-9.790555	-10.260605	-10.418891	-10.260605	-9.790555	-9.023025	-7.981333	-6.697134	-5.209445	-3.563471	-1.809221	0.000000	1.809221	3.563471	5.209445	6.697134	7.981333	9.023025	9.790555	10.260605	10.418891	10.260605	9.790555	9.023025	7.981333	6.697134	5.209445	
7.018667	10.260605	13.190779	15.720158	17.771889	19.283628	20.209446	20.521210	20.209446	19.283628	17.771889	15.720158	13.190779	10.260604	7.018667	3.563470	0.000000	-3.563471	-7.018667	-10.260605	-13.190779	-15.720158	-17.771889	-19.283628	-20.209446	-20.521210	-20.209446	-19.283628	-17.771889	-15.720158	-13.190779	-10.260605	-7.018667	-3.563471	0.000000	3.563470	7.018667	10.260604	13.190779	15.720158	17.771889	19.283628	20.209446	20.521210	20.209446	19.283628	17.771889	15.720158	13.190779	10.260605	
10.260605	15.000000	19.283628	22.981333	25.980762	28.190779	29.544233	30.000000	29.544233	28.190779	25.980762	22.981333	19.283628	15.000000	10.260604	5.209445	0.000000	-5.209445	-10.260605	-15.000000	-19.283628	-22.981333	-25.980762	-28.190779	-29.544233	-30.000000	-29.544233	-28.190779	-25.980762	-22.981333	-19.283628	-15.000000	-10.260605	-5.209445	0.000000	5.209445	10.260604	15.000000	19.283628	22.981333	25.980762	28.190779	29.544233	30.000000	29.544233	28.190779	25.980762	22.981333	19.283628	15.000000	
13.190779	19.283628	24.790554	29.544233	33.400223	36.241367	37.981335	38.567257	37.981335	36.241367	33.400223	29.544233	24.790554	19.283628	13.190779	6.697134	0.000000	-6.697134	-13.190779	-19.283628	-24.790554	-29.544233	-33.400223	-36.241367	-37.981335	-38.567257	-37.981335	-36.241367	-33.400223	-29.544233	-24.790554	-19.283628	-13.190779	-6.697134	0.000000	6.697134	13.190779	19.283628	24.790554	29.544233	33.400223	36.241367	37.981335	38.567257	37.981335	36.241367	33.400223	29.544233	24.790554	19.283628	
15.720158	22.981333	29.544233	35.209446	39.804836	43.190781	45.264389	45.962666	45.264389	43.190777	39.804836	35.209446	29.544233	22.981333	15.720158	7.981333	0.000000	-7.981333	-15.720158	-22.981333	-29.544233	-35.209446	-39.804836	-43.190777	-45.264389	-45.962666	-45.264389	-43.190777	-39.804836	-35.209446	-29.544233	-22.981333	-15.720158	-7.981333	0.000000	7.981333	15.720158	22.981333	29.544233	35.209446	39.804836	43.190777	45.264389	45.962666	45.264389	43.190781	39.804836	35.209446	29.544233	22.981333	
17.771889	25.980762	33.400223	39.804836	45.000000	48.827862	51.172112	51.961525	51.172112	48.827862	45.000000	39.804836	33.400223	25.980762	17.771889	9.023024	0.000000	-9.023025	-17.771889	-25.980762	-33.400223	-39.804836	-45.000000	-48.827862	-51.172112	-51.961525	-51.172112	-48.827862	-45.000000	-39.804836	-33.400223	-25.980762	-17.771889	-9.023025	0.000000	9.023024	17.771889	25.980762	33.400223	39.804836	45.000000	48.827862	51.172112	51.961525	51.172112	48.827862	45.000000	39.804836	33.400223	25.980762	
19.283628	28.190779	36.241367	43.190781	48.827862	52.981335	55.524994	56.381557	55.524994	52.981335	48.827862	43.190777	36.241367	28.190779	19.283628	9.790555	0.000000	-9.790555	-19.283628	-28.190779	-36.241367	-43.190777	-48.827862	-52.981335	-55.524994	-56.381557	-55.524994	-52.981335	-48.827862	-43.190777	-36.241367	-28.190779	-19.283628	-9.790555	0.000000	9.790555	19.283628	28.190779	36.241367	43.190777	48.827862	52.981335	55.524994	56.381557	55.524994	52.981335	48.827862	43.190781	36.241367	28.190779	
20.209446	29.544233	37.981335	45.264389	51.172112	55.524994	58.190777	59.088467	58.190777	55.524994	51.172112	45.264389	37.981335	29.544233	20.209446	10.260604	0.000000	-10.260605	-20.209446	-29.544233	-37.981335	-45.264389	-51.172112	-55.524994	-58.190777	-59.088467	-58.190777	-55.524994	-51.172112	-45.264389	-37.981335	-29.544233	-20.209446	-10.260605	0.000000	10.260604	20.209446	29.544233	37.981335	45.264389	51.172112	55.524994	58.190777	59.088467	58.190777	55.524994	51.172112	45.264389	37.981335	29.544233	
20.521210	30.000000	38.567257	45.962666	51.961525	56.381557	59.088467	60.000000	59.088467	56.381557	51.961525	45.962666	38.567257	30.000000	20.521208	10.418891	0.000000	-10.418891	-20.521208	-30.000000	-38.567257	-45.962666	-51.961525	-56.381557	-59.088467	-60.000000	-59.088467	-56.381557	-51.961525	-45.962666	-38.567257	-30.000000	-20.521208	-10.418891	0.000000	10.418891	20.521208	30.000000	38.567257	45.962666	51.961525	56.381557	59.088467	60.000000	59.088467	56.381557	51.961525	45.962666	38.567257	30.000000	
20.209446	29.544233	37.981335	45.264389	51.172112	55.524994	58.190777	59.088467	58.190777	55.524994	51.172112	45.264389	37.981335	29.544233	20.209446	10.260604	0.000000	-10.260605	-20.209446	-29.544233	-37.981335	-45.264389	-51.172112	-55.524994	-58.190777	-59.088467	-58.190777	-55.524994	-51.172112	-45.264389	-37.981335	-29.544233	-20.209446	-10.260605	0.000000	10.260604	20.209446	29.544233	37.981335	45.264389	51.172112	55.524994	58.190777	59.088467	58.190777	55.524994	51.172112	45.264389	37.981335	29.544233	
19.283628	28.190779	36.241367	43.190781	48.827862	52.981335	55.524994	56.381557	55.524994	52.981335	48.827862	43.190777	36.241367	28.190779	19.283628	9.790555	0.000000	-9.790555	-19.283628	-28.190779	-36.241367	-43.190777	-48.827862	-52.981335	-55.524994	-56.381557	-55.524994	-52.981335	-48.827862	-43.190777	-36.241367	-28.190779	-19.283628	-9.790555	0.000000	9.790555	19.283628	28.190779	36.241367	43.190777	48.827862	52.981335	55.524994	56.381557	55.524994	52.981335	48.827862	43.190781	36.241367	28.190779	
17.771889	25.980762	33.400223	39.804836	45.000000	48.827862	51.172112	51.961525	51.172112	48.827862	45.000000	39.804836	33.400223	25.980762	17.771889	9.023024	0.000000	-9.023024	-17.771889	-25.980762	-33.400223	-39.804836	-45.000000	-48.827862	-51.172112	-51.961525	-51.172112	-48.827862	-45.000000	-39.804836	-33.400223	-25.980762	-17.771889	-9.023024	0.000000	9.023024	17.771889	25.980762	33.400223	39.804836	45.000000	48.827862	51.172112	51.961525	51.172112	48.827862	45.000000	39.804836	33.400223	25.980762	
15.720158	22.981333	29.544233	35.209446	39.804836	43.190777	45.264389	45.962666	45.264389	43.190777	39.804836	35.209446	29.544233	22.981333	15.720158	7.981333	0.000000	-7.981333	-15.720158	-22.981333	-29.544233	-35.209446	-39.804836	-43.190777	-45.264389	-45.962666	-45.264389	-43.190777	-39.804836	-35.209446	-29.544233	-22.981333	-15.720158	-7.981333	0.000000	7.981333	15.720158	22.981333	29.544233	35.209446	39.804836	43.190777	45.264389	45.962666	45.264389	43.190777	39.804836	35.209446	29.544233	22.981333	
13.190779	19.283628	24.790554	29.544233	33.400223	36.241367	37.981335	38.567257	37.981335	36.241367	33.400223	29.544233	24.790554	19.283628	13.190779	6.697134	0.000000	-6.697134	-13.190779	-19.283628	-24.790554	-29.544233	-33.400223	-36.241367	-37.981335	-38.567257	-37.981335	-36.241367	-33.400223	-29.544233	-24.790554	-19.283628	-13.190779	-6.697134	0.000000	6.697134	13.190779	19.283628	24.790554	29.544233	33.400223	36.241367	37.981335	38.567257	37.981335	36.241367	33.400223	29.544233	24.790554	19.283628	
10.260605	15.000000	19.283628	22.981333	25.980762	28.190779	29.544233	30.000000	29.544233	28.190779	25.980762	22.981333	19.283628	15.000000	10.260604	5.209445	0.000000	-5.209445	-10.260604	-15.000000	-19.283628	-22.981333	-25.980762	-28.190779	-29.544233	-30.000000	-29.544233	-28.190779	-25.980762	-22.981333	-19.283628	-15.000000	-10.260604	-5.209445	0.000000	5.209445	10.260604	15.000000	19.283628	22.981333	25.980762	28.190779	29.544233	30.000000	29.544233	28.190779	25.980762	22.981333	19.283628	15.000000	
7.018667	10.260604	13.190779	15.720158	17.771889	19.283628	20.209446	20.521208	20.209446	19.283628	17.771889	15.720158	13.190779	10.260604	7.018667	3.563470	0.000000	-3.563471	-7.018667	-10.260604	-13.190779	-15.720158	-17.771889	-19.283628	-20.209446	-20.521208	-20.209446	-19.283628	-17.771889	-15.720158	-13.190779	-10.260604	-7.018667	-3.563471	0.000000	3.563470	7.018667	10.260604	13.190779	15.720158	17.771889	19.283628	20.209446	20.521208	20.209446	19.283628	17.771889	15.720158	13.190779	10.260604	
3.563471	5.209445	6.697134	7.981333	9.023024	9.790555	10.260604	10.418891	10.260604	9.790555	9.023024	7.981333	6.697134	5.209445	3.563470	1.809221	0.000000	-1.809221	-3.563471	-5.209445	-6.697134	-7.981333	-9.023024	-9.790555	-10.260604	-10.418891	-10.260604	-9.790555	-9.023024	-7.981333	-6.697134	-5.209445	-3.563471	-1.809221	0.000000	1.809221	3.563470	5.209445	6.697134	7.981333	9.023024	9.790555	10.260604	10.418891	10.260604	9.790555	9.023024	7.981333	6.697134	5.209445	
0.000000	0.000000	0.000000	0.000000	0.000000	0.000000	0.000000	0.000000	0.000000	0.000000	0.000000	0.000000	0.000000	0.000000	0.000000	0.000000	0.000000	0.000000	0.000000	0.000000	0.000000	0.000000	0.000000	0.000000	0.000000	0.000000	0.000000	0.000000	0.000000	0.000000	0.000000	0.000000	0.000000	0.000000	0.000000	0.000000	0.000000	0.000000	0.000000	0.000000	0.000000	0.000000	0.000000	0.000000	0.000000	0.000000	0.000000	0.000000	0.000000	0.000000	
-3.563471	-5.209445	-6.697134	-7.981333	-9.023024	-9.790555	-10.260604	-10.418891	-10.260604	-9.790555	-9.023024	-7.981333	-6.697134	-5.209445	-3.563470	-1.809221	0.000000	1.809221	3.563471	5.209445	6.697134	7.981333	9.023024	9.790555	10.260604	10.418891	10.260604	9.790555	9.023024	7.981333	6.697134	5.209445	3.563471	1.809221	0.000000	-1.809221	-3.563470	-5.209445	-6.697134	-7.981333	-9.023024	-9.790555	-10.260604	-10.418891	-10.260604	-9.790555	-9.023024	-7.981333	-6.697134	-5.209445	
-7.018667	-10.260604	-13.190779	-15.720158	-17.771889	-19.283628	-20.209446	-20.521208	-20.209446	-19.283628	-17.771889	-15.720158	-13.190779	-10.260604	-7.018667	-3.563470	0.000000	3.563471	7.018667	10.260604	13.190779	15.720158	17.771889	19.283628	20.209446	20.521208	20.209446	19.283628	17.771889	15.720158	13.190779	10.260604	7.018667	3.563471	0.000000	-3.563470	-7.018667	-10.260604	-13.190779	-15.720158	-17.771889	-19.283628	-20.209446	-20.521208	-20.209446	-19.283628	-17.771889	-15.720158	-13.190779	-10.260604	
-10.260605	-15.000000	-19.283628	-22.981333	-25.980762	-28.190779	-29.544233	-30.000000	-29.544233	-28.190779	-25.980762	-22.981333	-19.283628	-15.000000	-10.260604	-5.209445	0.000000	5.209445	10.260604	15.000000	19.283628	22.981333	25.980762	28.190779	29.544233	30.000000	29.544233	28.190779	25.980762	22.981333	19.283628	15.000000	10.260604	5.209445	0.000000	-5.209445	-10.260604	-15.000000	-19.283628	-22.981333	-25.980762	-28.190779	-29.544233	-30.000000	-29.544233	-28.190779	-25.980762	-22.981333	-19.283628	-15.000000	
-13.190779	-19.283628	-24.790554	-29.544233	-33.400223	-36.241367	-37.981335	-38.567257	-37.981335	-36.241367	-33.400223	-29.544233	-24.790554	-19.283628	-13.190779	-6.697134	0.000000	6.697134	13.190779	19.283628	24.790554	29.544233	33.400223	36.241367	37.981335	38.567257	37.981335	36.241367	33.400223	29.544233	24.790554	19.283628	13.190779	6.697134	0.000000	-6.697134	-13.190779	-19.283628	-24.790554	-29.544233	-33.400223	-36.241367	-37.981335	-38.567257	-37.981335	-36.241367	-33.400223	-29.544233	-24.790554	-19.283628	
